M 16 0 0 0
P 11.6571442729 10.4996854494 1 0 11 5
P 1.57494496882 10.7202287262 2 1 100 5
P 21.739343577 10.2791421726 3 2 100 5
P 9.00896374748 16.0534935939 4 0 2 1
P 14.3053247983 4.94587730493 5 0 2 1
P 6.03157866549 16.7050678084 6 0 80 3
P 17.2827098803 4.2943030904 7 0 80 3
P 3.64564055894 16.076426828 8 0 12 3
P 19.6686479869 4.92294407085 9 0 12 3
P 12.8585095886 13.4685314425 10 0 83 2
P 10.4557789572 7.53083945635 11 0 83 2
P 2.31283414501 18.7044398538 12 0 20 2
P 21.0014544008 2.29493104509 13 0 20 2
P 0.0 16.5393682709 14 0 75 2
P 23.3142885458 4.46000262794 15 0 75 2
P 17.8337011374 6.48323019554 16 0 2 1
P 5.48058740845 14.5161407033 17 0 2 1
P 9.72989485994 9.14969396021 18 0 22 3
P 13.5843936859 11.8496769386 19 0 22 3
P 8.76645868461 11.9687108333 20 0 41 4
P 14.5478298612 9.03066006552 21 0 41 4
P 9.09581070258 0.0 22 0 41 4
P 14.2184778432 20.9993708988 23 0 41 4
