M 14 0 0 0
P 10.5976716138 10.9912474936 1 0 84 1
P 10.2951818324 1.62513517056 2 1 100 5
P 10.9001613952 20.3573598167 3 2 100 5
P 12.880659582 17.2713021043 4 0 52 5
P 8.31468364569 4.71119288292 5 0 52 5
P 8.29974701531 21.0422738643 6 0 61 5
P 12.8955962123 0.940221122979 7 0 61 5
P 17.1342774097 16.3846316183 8 0 71 3
P 4.06106581792 5.59786336897 9 0 71 3
P 20.9841907283 14.8690918027 10 0 50 2
P 0.21115249933 7.11340318456 11 0 50 2
P 18.0903324413 11.4281626835 12 0 61 2
P 3.10501078634 10.5543323038 13 0 61 2
P 4.52606673365 16.0516756593 14 0 82 1
P 16.669276494 5.930819328 15 0 82 1
P 0.827096763616 16.8766980846 16 0 51 5
P 20.368246464 5.10579690265 17 0 51 5
P 20.6145595785 17.4337009762 18 0 77 1
P 0.580783649183 4.54879401108 19 0 77 1
P 21.1953432277 9.53812159261 20 0 19 5
P 0.0 12.4443733947 21 0 19 5
P 13.980833926 21.9824949873 22 0 40 1
P 7.2145093017 0.0 23 0 40 1
