M 10 0 0 0
P 9.79038484499 11.9395108855 1 0 3 4
P 13.1356181899 2.07502997446 2 1 100 5
P 6.44515150012 21.8039917965 3 2 100 5
P 0.0 3.30895793406 4 0 58 1
P 19.58076969 20.5700638369 5 0 58 1
P 11.9759007413 0.254993593266 6 0 69 1
P 7.60486894864 23.6240281777 7 0 69 1
P 4.7522573617 6.99407760814 8 0 48 1
P 14.8285123283 16.8849441628 9 0 48 1
P 14.2841027961 12.1642015039 10 0 82 2
P 5.29666689384 11.714820267 11 0 82 2
P 18.723335747 9.70913336174 12 0 6 4
P 0.857433942973 14.1698884092 13 0 6 4
P 18.5531856352 5.6508148241 14 0 17 4
P 1.02758405481 18.2282069468 15 0 17 4
P 3.26063693679 6.36438669833 16 0 47 2
P 16.3201327532 17.5146350726 17 0 47 2
P 6.90102467326 0.0 18 0 49 2
P 12.6797450167 23.8790217709 19 0 49 2
P 18.7471954024 2.61679943425 20 0 28 3
P 0.833574287561 21.2622223367 21 0 28 3
P 5.71885411853 1.53111165644 22 0 11 3
P 13.8619155714 22.3479101145 23 0 11 3
