M 26 0 0 0
P 11.3182457247 9.52922656019 1 0 95 0
P 10.7153855601 6.89657402069 2 1 100 5
P 11.9211058894 12.1618790997 3 2 100 5
P 5.33333398238 15.8312773793 4 0 7 1
P 17.3031574671 3.22717574104 5 0 7 1
P 4.34767723191 13.1610796859 6 0 79 4
P 18.2888142176 5.89737343451 7 0 79 4
P 20.3407088321 0.0 8 0 59 4
P 2.29578261738 19.0584531204 9 0 59 4
P 20.1287243352 8.39600446482 10 0 82 4
P 2.50776711429 10.6624486556 11 0 82 4
P 16.2784063635 0.190556333024 12 0 70 3
P 6.35808508594 18.8678967874 13 0 70 3
P 3.48709865342 2.21057550774 14 0 20 2
P 19.149392796 16.8478776126 15 0 20 2
P 0.0 10.5905182432 16 0 74 5
P 22.6364914495 8.46793487716 17 0 74 5
P 17.5800933363 16.2426800506 18 0 32 2
P 5.05639811319 2.81577306974 19 0 32 2
P 6.15415524424 13.4568197838 20 0 71 4
P 16.4823362052 5.60163333657 21 0 71 4
P 2.54948389263 15.8673461088 22 0 58 5
P 20.0870075568 3.19110701162 23 0 58 5
