M 21 0 0 0
P 10.6046778621 9.79192022944 1 0 133 5
P 17.8341982322 3.1628618089 2 1 100 5
P 3.37515749208 16.42097865 3 2 100 5
P 0.877862852 16.70632004 4 0 78 2
P 20.3314928723 2.8775204189 5 0 78 2
P 13.529628171 3.63005463321 6 0 58 4
P 7.67972755326 15.9537858257 7 0 58 4
P 11.8633112446 3.66613617666 8 0 77 4
P 9.34604447973 15.9177042822 9 0 77 4
P 17.195301201 4.74434519742 10 0 40 1
P 4.01405452332 14.8394952615 11 0 40 1
P 1.91319838987 16.8810422573 12 0 23 1
P 19.2961573344 2.70279820161 13 0 23 1
P 20.5595230106 4.94625807879 14 0 51 5
P 0.649832713734 14.6375823801 15 0 51 5
P 5.95838319518 14.2548819372 16 0 79 2
P 15.2509725291 5.3289585217 17 0 79 2
P 21.2093557243 10.8716257011 18 0 39 2
P 0.0 8.71221475775 19 0 39 2
P 17.6179837245 10.7325915267 20 0 70 2
P 3.59137199978 8.85124893217 21 0 70 2
P 7.72413002857 19.5838404589 22 0 79 1
P 13.4852256957 0.0 23 0 79 1
