M 37 0 0 0
P 10.9630933816 10.25578993 1 0 2 5
P 18.7665310527 18.3572561868 2 1 100 5
P 3.1596557106 2.15432367322 3 2 100 5
P 21.2413536497 6.76878136569 4 0 30 2
P 0.684833113596 13.7427984943 5 0 30 2
P 6.45514062695 15.9187606118 6 0 9 1
P 15.4710461363 4.59281924825 7 0 9 1
P 14.1495665447 20.51157986 8 0 29 5
P 7.77662021858 0.0 9 0 29 5
P 16.5727121603 14.1028628622 10 0 74 2
P 5.35347460296 6.4087169978 11 0 74 2
P 0.0 5.92117432592 12 0 55 4
P 21.9261867633 14.5904055341 13 0 55 4
P 13.39941444 11.5234536975 14 0 67 3
P 8.52677232327 8.98812616253 15 0 67 3
P 1.5716639136 3.69895391725 16 0 19 4
P 20.3545228497 16.8126259428 17 0 19 4
P 0.370913211618 15.4138697503 18 0 88 1
P 21.5552735517 5.09771010967 19 0 88 1
P 6.4740493791 4.24312690773 20 0 41 3
P 15.4521373842 16.2684529523 21 0 41 3
P 11.2787729377 3.38370549077 22 0 49 3
P 10.6474138256 17.1278743692 23 0 49 3
