M 33 0 0 0
P 11.9861612055 10.9189853437 1 0 104 4
P 17.4007073894 11.6404815697 2 1 100 5
P 6.57161502166 10.1974891177 3 2 100 5
P 15.6452587712 16.9703452159 4 0 37 2
P 8.32706363988 4.8676254716 5 0 37 2
P 0.0 1.26173804208 6 0 60 5
P 23.9723224111 20.5762326454 7 0 60 5
P 11.4605020339 15.6736718386 8 0 20 1
P 12.5118203771 6.16429884889 9 0 20 1
P 2.00730007529 16.9565336357 10 0 54 2
P 21.9650223358 4.88143705177 11 0 54 2
P 14.8215459465 21.8379706875 12 0 61 5
P 9.15077646452 0.0 13 0 61 5
P 20.6042987045 6.35183320699 14 0 10 5
P 3.36802370653 15.4861374805 15 0 10 5
P 5.10354835808 8.56002496437 16 0 49 1
P 18.868774053 13.2779457231 17 0 49 1
P 3.58923504982 9.16918321454 18 0 80 2
P 20.3830873612 12.6687874729 19 0 80 2
P 20.7095517182 18.5969619501 20 0 50 5
P 3.26277069282 3.2410087374 21 0 50 5
P 5.51939032983 4.81384037354 22 0 85 3
P 18.4529320812 17.0241303139 23 0 85 3
