M 38 0 0 0
P 11.5494985387 11.4233712626 1 0 76 1
P 13.916469811 22.8467425251 2 1 100 5
P 9.1825272664 0.0 3 2 100 5
P 15.1536475266 15.7444995419 4 0 64 2
P 7.94534955081 7.10224298322 5 0 64 2
P 22.8221758362 11.1030725268 6 0 84 5
P 0.276821241233 11.7436699984 7 0 84 5
P 19.9637431239 0.53260888243 8 0 10 3
P 3.13525395348 22.3141336427 9 0 10 3
P 22.1861292228 19.9745242353 10 0 57 1
P 0.912867854632 2.87221828979 11 0 57 1
P 1.68115425335 4.03540667784 12 0 48 2
P 21.4178428241 18.8113358473 13 0 48 2
P 3.25749231341 4.25357415414 14 0 50 2
P 19.841504764 18.593168371 15 0 50 2
P 17.4701258506 7.90960995709 16 0 62 5
P 5.62887122683 14.9371325681 17 0 62 5
P 18.8195511624 9.51946734416 18 0 6 5
P 4.27944591501 13.327275181 19 0 6 5
P 18.6176611974 3.06937586024 20 0 87 1
P 4.48133588003 19.7773666649 21 0 87 1
P 0.0 16.8479748373 22 0 6 3
P 23.0989970774 5.99876768786 23 0 6 3
