M 44 0 0 0
P 11.3740233662 9.61649541876 1 0 83 3
P 10.0504178328 12.1536823694 2 1 100 5
P 12.6976288997 7.07930846807 3 2 100 5
P 8.1425307544 19.1903641542 4 0 78 1
P 14.6055159781 0.0426266832684 5 0 78 1
P 12.4973899815 14.9971478115 6 0 54 2
P 10.250656751 4.23584302597 7 0 54 2
P 0.0 5.89071866631 8 0 20 1
P 22.7480467325 13.3422721712 9 0 20 1
P 7.674430883 13.3513453885 10 0 79 3
P 15.0736158495 5.88164544904 11 0 79 3
P 16.171760682 3.87044939368 12 0 10 1
P 6.57628605053 15.3625414438 13 0 10 1
P 18.4805758188 19.2329908375 14 0 78 1
P 4.26747091366 0.0 15 0 78 1
P 9.99138438566 17.3224304127 16 0 70 3
P 12.7566623468 1.9105604248 17 0 70 3
P 1.40070838236 16.3547738424 18 0 66 1
P 21.3473383501 2.8782169951 19 0 66 1
P 0.262688207003 7.40787840578 20 0 31 3
P 22.4853585255 11.8251124317 21 0 31 3
P 8.4300641361 3.78974767758 22 0 5 5
P 14.3179825964 15.4432431599 23 0 5 5
