M 41 0 0 0
P 10.6545618495 10.9391936067 1 0 19 2
P 10.619331099 20.0028830106 2 1 100 5
P 10.6897926 1.87550420275 3 2 100 5
P 18.53031859 17.0517193434 4 0 80 5
P 2.77880510898 4.82666786996 5 0 80 5
P 21.309123699 21.8783872134 6 0 27 2
P 0.0 0.0 7 0 27 2
P 19.4302489855 9.47022311603 8 0 31 1
P 1.87887471354 12.4081640973 9 0 31 1
P 2.20229281225 21.5740106508 10 0 39 1
P 19.1068308868 0.304376562584 11 0 39 1
P 6.42926362386 21.4118201349 12 0 7 4
P 14.8798600751 0.46656707848 13 0 7 4
P 1.00463725255 15.9311569071 14 0 17 4
P 20.3044864465 5.94723030628 15 0 17 4
P 14.2779222572 9.66512575619 16 0 77 2
P 7.03120144184 12.2132614572 17 0 77 2
P 14.504667316 11.7232002564 18 0 80 4
P 6.80445638303 10.155186957 19 0 80 4
P 8.64518320868 11.6016961635 20 0 69 2
P 12.6639404903 10.2766910498 21 0 69 2
P 18.8599135545 21.6009176881 22 0 85 1
P 2.44921014454 0.277469525237 23 0 85 1
