M 50 0 0 0
P 9.75138601217 10.2661574674 1 0 118 2
P 12.9025219481 13.5791804004 2 1 100 5
P 6.60025007626 6.95313453453 3 2 100 5
P 3.44075133857 20.5323149349 4 0 56 1
P 16.0620206858 0.0 5 0 56 1
P 2.49871040583 10.8310189332 6 0 4 3
P 17.0040616185 9.70129600166 7 0 4 3
P 2.98178924811 3.52705293013 8 0 61 2
P 16.5209827762 17.0052620048 9 0 61 2
P 14.7909578941 15.9349611819 10 0 53 1
P 4.71181413027 4.59735375303 11 0 53 1
P 1.40493556956 5.72930476028 12 0 73 1
P 18.0978364548 14.8030101746 13 0 73 1
P 8.79217372516 8.72569441589 14 0 22 5
P 10.7105982992 11.806620519 15 0 22 5
P 12.9469403959 18.6929594345 16 0 76 2
P 6.55583162845 1.83935550035 17 0 76 2
P 19.5027720243 2.57233116414 18 0 13 1
P 0.0 17.9599837708 19 0 13 1
P 19.48713616 13.7929795896 20 0 69 2
P 0.0156358643506 6.73933534533 21 0 69 2
P 19.2615306094 11.1738165689 22 0 34 2
P 0.241241414988 9.35849836603 23 0 34 2
