M 53 0 0 0
P 11.1071196946 9.37105031146 1 0 81 5
P 7.48448416259 17.0950726825 2 1 100 5
P 14.7297552267 1.64702794037 3 2 100 5
P 16.6966969041 16.8104066859 4 0 48 5
P 5.51754248513 1.93169393702 5 0 48 5
P 7.50224427453 14.1427843073 6 0 77 5
P 14.7119951147 4.59931631562 7 0 77 5
P 11.0569755358 5.80469355998 8 0 71 2
P 11.1572638535 12.9374070629 9 0 71 2
P 5.4174532972 13.4527742692 10 0 24 2
P 16.796786092 5.2893263537 11 0 24 2
P 19.2372427569 8.71710889654 12 0 36 4
P 2.97699663235 10.0249917264 13 0 36 4
P 0.0 10.3109574715 14 0 8 3
P 22.2142393892 8.43114315143 15 0 8 3
P 8.21427585312 12.2562810536 16 0 59 5
P 13.9999635361 6.48581956927 17 0 59 5
P 20.2168326879 0.320897565871 18 0 25 2
P 1.99740670137 18.421203057 19 0 25 2
P 6.59054597585 18.7421006229 20 0 44 4
P 15.6236934134 0.0 21 0 44 4
P 21.6251601422 16.7274872772 22 0 79 1
P 0.589079247005 2.0146133457 23 0 79 1
