M 52 0 0 0
P 11.7144548386 11.7807412699 1 0 47 3
P 5.9157892358 5.27643905071 2 1 100 5
P 17.5131204415 18.2850434891 3 2 100 5
P 17.7995176801 3.18274903671 4 0 44 2
P 5.62939199719 20.3787335031 5 0 44 2
P 23.4289096773 4.18922519978 6 0 2 4
P 0.0 19.37225734 7 0 2 4
P 9.94031464694 19.5350427384 8 0 69 3
P 13.4885950304 4.02643980135 9 0 69 3
P 1.08047326815 5.75279574647 10 0 26 1
P 22.3484364092 17.8086867933 11 0 26 1
P 14.0029210331 12.7015898482 12 0 79 3
P 9.42598864418 10.8598926916 13 0 79 3
P 6.85846881431 16.4149396164 14 0 3 3
P 16.570440863 7.14654292342 15 0 3 3
P 21.0355451408 14.8170146997 16 0 3 2
P 2.39336453648 8.74446784004 17 0 3 2
P 12.1434767043 23.4876429783 18 0 2 2
P 11.285432973 0.0738395615096 19 0 2 2
P 10.8697337572 21.2474823152 20 0 29 5
P 12.5591759201 2.31400022454 21 0 29 5
P 6.13704358399 23.5614825398 22 0 62 5
P 17.2918660933 0.0 23 0 62 5
