M 5 0 0 0
P 10.7527454812 11.8062363634 1 0 91 5
P 7.71825346006 19.2282675745 2 1 100 5
P 13.7872375024 4.3842051524 3 2 100 5
P 16.5885619084 4.19029815187 4 0 60 3
P 4.91692905402 19.422174575 5 0 60 3
P 17.1016331607 8.0105449784 6 0 72 3
P 4.40385780175 15.6019277485 7 0 72 3
P 4.79266235586 21.5213595465 8 0 73 2
P 16.7128286066 2.09111318038 9 0 73 2
P 18.0296511565 14.1785383486 10 0 27 4
P 3.47583980592 9.43393437829 11 0 27 4
P 6.5168372747 3.38746940068 12 0 19 2
P 14.9886536877 20.2250033262 13 0 19 2
P 20.6147572889 14.2829339055 14 0 39 4
P 0.890733673483 9.32953882139 15 0 39 4
P 0.0 0.0 16 0 10 1
P 21.5054909624 23.6124727269 17 0 10 1
P 5.14922220606 9.48382106252 18 0 56 2
P 16.3562687564 14.1286516644 19 0 56 2
P 8.40774862412 22.1804224379 20 0 27 4
P 13.0977423383 1.43205028894 21 0 27 4
P 19.4279066762 13.2056512821 22 0 18 2
P 2.07758428622 10.4068214448 23 0 18 2
