M 66 0 0 0
P 11.7984036759 11.9142401247 1 0 62 2
P 16.2121776683 20.953598983 2 1 100 5
P 7.38462968347 2.87488126641 3 2 100 5
P 0.160424139985 0.0 4 0 57 2
P 23.4363832118 23.8284802494 5 0 57 2
P 10.0312060534 19.0531844133 6 0 85 5
P 13.5656012984 4.7752958361 7 0 85 5
P 4.78382720027 15.8413733599 8 0 74 3
P 18.8129801515 7.98710688946 9 0 74 3
P 10.3930516218 6.67472995245 10 0 16 3
P 13.20375573 17.1537502969 11 0 16 3
P 8.41156343361 7.04587868926 12 0 71 1
P 15.1852439182 16.7826015601 13 0 71 1
P 23.5968073518 7.08108192602 14 0 5 4
P 0.0 16.7473983233 15 0 5 4
P 21.5008384976 12.7666880886 16 0 33 3
P 2.0959688542 11.0617921608 17 0 33 3
P 13.9043098594 6.78912124476 18 0 25 1
P 9.6924974924 17.0393590046 19 0 25 1
P 15.9752765396 10.890157386 20 0 16 1
P 7.62153081213 12.9383228634 21 0 16 1
P 22.4203718674 1.96888391097 22 0 73 2
P 1.17643548433 21.8595963384 23 0 73 2
