M 70 0 0 0
P 11.3503011547 10.2466653831 1 0 126 4
P 0.894375098238 16.7947849345 2 1 100 5
P 21.8062272111 3.69854583183 3 2 100 5
P 3.41448968015 6.53782984172 4 0 46 5
P 19.2861126292 13.9555009246 5 0 46 5
P 16.2889069147 5.35938358646 6 0 31 1
P 6.4116953946 15.1339471798 7 0 31 1
P 14.8878729919 0.0 8 0 33 1
P 7.81272931743 20.4933307663 9 0 33 1
P 12.7680688437 8.0748333729 10 0 22 3
P 9.93253346556 12.4184973934 11 0 22 3
P 20.5901506001 0.273334829234 12 0 22 5
P 2.11045170924 20.2199959371 13 0 22 5
P 21.1446305253 6.10913634164 14 0 66 2
P 1.55597178404 14.3841944247 15 0 66 2
P 22.7006023093 7.79708715087 16 0 31 2
P 0.0 12.6962436154 17 0 31 2
P 4.01671718867 1.87325942072 18 0 27 5
P 18.6838851206 18.6200713456 19 0 27 5
P 15.8433056694 3.24312416711 20 0 4 4
P 6.85729663986 17.2502065992 21 0 4 4
P 7.28123754606 4.55571574291 22 0 44 1
P 15.4193647632 15.9376150234 23 0 44 1
