M 74 0 0 0
P 11.9698582388 10.7465349901 1 0 124 1
P 16.8222137372 17.7476949085 2 1 100 5
P 7.11750274033 3.74537507178 3 2 100 5
P 15.1893203445 21.4930699802 4 0 17 2
P 8.75039613301 0.0 5 0 17 2
P 20.4063662853 16.1764581724 6 0 34 2
P 3.53335019227 5.31661180782 7 0 34 2
P 17.6273879374 2.45884957731 8 0 11 3
P 6.31232854018 19.0342204029 9 0 11 3
P 13.7145530589 13.1598969783 10 0 58 2
P 10.2251634187 8.33317300195 11 0 58 2
P 21.3530887875 10.8573382153 12 0 16 2
P 2.58662769008 10.6357317649 13 0 16 2
P 21.1558609726 18.0909020167 14 0 53 5
P 2.78385550496 3.4021679635 15 0 53 5
P 21.4294785395 0.0999990131489 16 0 31 3
P 2.51023793805 21.3930709671 17 0 31 3
P 11.1284223255 13.0811239708 18 0 78 2
P 12.8112941521 8.41194600946 19 0 78 2
P 4.55230988768 17.5828825787 20 0 48 2
P 19.3874065899 3.91018740155 21 0 48 2
P 23.9397164776 11.8278911553 22 0 9 2
P 0.0 9.66517882491 23 0 9 2
