M 87 0 0 0
P 11.8981471989 11.7348480357 1 0 58 5
P 0.0 6.25516558322 2 1 100 5
P 23.7962943978 17.2145304882 3 2 100 5
P 14.9575858566 10.7230211692 4 0 36 4
P 8.83870854116 12.7466749022 5 0 36 4
P 13.9486641818 9.43936842783 6 0 7 2
P 9.8476302159 14.0303276436 7 0 7 2
P 0.0799224517035 4.92656495435 8 0 35 1
P 23.716371946 18.543131117 9 0 35 1
P 5.85668740881 0.0 10 0 18 2
P 17.9396069889 23.4696960714 11 0 18 2
P 10.6562818461 8.11569798232 12 0 4 4
P 13.1400125517 15.3539980891 13 0 4 4
P 8.29366240856 2.59175184791 14 0 16 1
P 15.5026319892 20.8779442235 15 0 16 1
P 7.99720531304 17.237751668 16 0 50 4
P 15.7990890847 6.23194440338 17 0 50 4
P 17.2952460157 13.7875486266 18 0 35 3
P 6.50104838201 9.68214744481 19 0 35 3
P 16.3619422747 18.2269764275 20 0 25 1
P 7.43435212305 5.24271964389 21 0 25 1
P 23.0480149849 15.5748750805 22 0 66 2
P 0.748279412824 7.89482099089 23 0 66 2
