M 96 0 0 0
P 11.873125314 11.7771773851 1 0 131 5
P 4.57103798126 14.3431174796 2 1 100 5
P 19.1752126467 9.21123729055 3 2 100 5
P 13.9673389596 0.0 4 0 79 4
P 9.77891166836 23.5543547701 5 0 79 4
P 3.82370469987 9.25768941483 6 0 32 1
P 19.9225459281 14.2966653553 7 0 32 1
P 4.26523224108 18.2172286527 8 0 71 3
P 19.4810183868 5.33712611748 9 0 71 3
P 7.6923933175 23.0634213666 10 0 54 3
P 16.0538573104 0.49093340355 11 0 54 3
P 0.983608276109 4.03463875596 12 0 53 2
P 22.7626423518 19.5197160142 13 0 53 2
P 1.1734828633 5.49680908077 14 0 31 4
P 22.5727677646 18.0575456894 15 0 31 4
P 16.0537685199 16.7376290089 16 0 50 5
P 7.69248210801 6.81672576125 17 0 50 5
P 9.7032993158 7.00311677157 18 0 21 5
P 14.0429513121 16.5512379986 19 0 21 5
P 21.0413740959 6.28173527479 20 0 66 2
P 2.70487653198 17.2726194954 21 0 66 2
P 23.7462506279 0.857948297396 22 0 52 3
P 0.0 22.6964064728 23 0 52 3
