M 12 0 0 0
P 10.4750550451 11.8199230828 1 0 64 1
P 0.922137753849 11.9144246646 2 1 100 5
P 20.0279723364 11.725421501 3 2 100 5
P 4.39771228626 23.6398461657 4 0 56 5
P 16.552397804 0.0 5 0 56 5
P 18.076428125 3.50900906394 6 0 75 5
P 2.87368196529 20.1308371017 7 0 75 5
P 13.8478523606 21.24221206 8 0 25 4
P 7.10225772968 2.39763410562 9 0 25 4
P 7.95635513379 7.92074158155 10 0 90 3
P 12.9937549565 15.7191045841 11 0 90 3
P 16.042002723 11.8558087316 12 0 57 2
P 4.9081073672 11.784037434 13 0 57 2
P 13.511942709 22.9625299478 14 0 77 3
P 7.43816738128 0.677316217847 15 0 77 3
P 20.9501100902 13.0868146959 16 0 12 2
P 0.0 10.5530314698 17 0 12 2
P 12.0640561975 4.78431743857 18 0 15 2
P 8.88605389278 18.8555287271 19 0 15 2
P 13.0898456671 9.31055236606 20 0 54 3
P 7.86026442318 14.3292937996 21 0 54 3
P 1.01430161795 2.84218669958 22 0 8 3
P 19.9358084723 20.7976594661 23 0 8 3
