M 17 0 0 0
P 11.487404883 11.4614763094 1 0 128 5
P 3.06175313386 17.8551808911 2 1 100 5
P 19.9130566321 5.06777172758 3 2 100 5
P 1.31653713906 0.269912528444 4 0 79 4
P 21.6582726269 22.6530400903 5 0 79 4
P 18.3946302426 13.6613848685 6 0 46 1
P 4.58017952336 9.26156775019 7 0 46 1
P 9.54631953974 22.9229526187 8 0 67 5
P 13.4284902263 0.0 9 0 67 5
P 19.6638376181 22.2953730221 10 0 57 4
P 3.31097214795 0.627579596595 11 0 57 4
P 0.878426987559 9.58792191184 12 0 20 2
P 22.0963827784 13.3350307069 13 0 20 2
P 14.7913771053 10.2968302091 14 0 35 5
P 8.1834326607 12.6261224096 15 0 35 5
P 15.9478907339 18.5325453309 16 0 55 5
P 7.02691903209 4.39040728783 17 0 55 5
P 8.01506542373 19.8561525861 18 0 60 1
P 14.9597443423 3.06680003266 19 0 60 1
P 4.34822195272 21.1803672302 20 0 48 4
P 18.6265878133 1.74258538852 21 0 48 4
P 0.0 16.6971692725 22 0 20 3
P 22.974809766 6.22578334623 23 0 20 3
