M 18 0 0 0
P 11.4575078719 11.5894336086 1 0 133 4
P 0.468228498452 21.5686106248 2 1 100 5
P 22.4467872454 1.61025659246 3 2 100 5
P 18.8186027296 2.42144254244 4 0 51 4
P 4.09641301425 20.7574246748 5 0 51 4
P 1.43755408264 18.9916433721 6 0 88 5
P 21.4774616612 4.18722384515 7 0 88 5
P 18.7324865147 14.4254873355 8 0 26 2
P 4.18252922913 8.75337988176 9 0 26 2
P 18.5279457256 7.92929918856 10 0 82 2
P 4.38707001822 15.2495680287 11 0 82 2
P 10.1949289983 9.44175199474 12 0 61 2
P 12.7200867455 13.7371152225 13 0 61 2
P 6.16078076624 3.26075824043 14 0 71 3
P 16.7542349776 19.9181089768 15 0 71 3
P 0.0 16.602787296 16 0 50 4
P 22.9150157438 6.57607992126 17 0 50 4
P 14.3364791883 19.7458763566 18 0 22 4
P 8.57853655554 3.4329908607 19 0 22 4
P 9.28606832203 16.1409757034 20 0 40 3
P 13.6289474218 7.03789151388 21 0 40 3
P 11.3198323705 0.0 22 0 68 5
P 11.5951833733 23.1788672173 23 0 68 5
