M 24 0 0 0
P 11.669420219 11.6087756843 1 0 40 2
P 1.93453837149 5.0623408414 2 1 100 5
P 21.4043020664 18.1552105272 3 2 100 5
P 22.5828049092 19.7435466652 4 0 42 1
P 0.756035528782 3.47400470339 5 0 42 1
P 23.0757535399 2.12210275704 6 0 78 2
P 0.263086898067 21.0954486116 7 0 78 2
P 1.68898312317 13.7888378894 8 0 54 5
P 21.6498573148 9.4287134792 9 0 54 5
P 12.4973844119 0.0 10 0 39 4
P 10.841456026 23.2175513686 11 0 39 4
P 0.0 19.6417396012 12 0 57 1
P 23.3388404379 3.57581176741 13 0 57 1
P 8.32126819648 1.4058377536 14 0 66 3
P 15.0175722415 21.811713615 15 0 66 3
P 7.03676463357 11.7566283568 16 0 62 4
P 16.3020758044 11.4609230118 17 0 62 4
P 23.1791117581 22.5093070335 18 0 3 5
P 0.15972867981 0.708244335085 19 0 3 5
P 1.86627138948 22.373025622 20 0 62 4
P 21.4725690485 0.844525746665 21 0 62 4
P 16.8547468294 17.8255482471 22 0 62 1
P 6.48409360849 5.39200312148 23 0 62 1
