M 22 0 0 0
P 11.0441665408 10.8983039256 1 0 56 1
P 13.467365867 10.9585014986 2 1 100 5
P 8.62096721464 10.8381063525 3 2 100 5
P 13.00123889 8.56367028965 4 0 72 1
P 9.08709419168 13.2329375615 5 0 72 1
P 20.9725608721 19.291278458 6 0 76 1
P 1.11577220953 2.50532939321 7 0 76 1
P 14.6516779553 13.588908743 8 0 1 1
P 7.43665512641 8.20769910815 9 0 1 1
P 6.65225859067 13.5603524424 10 0 26 5
P 15.436074491 8.23625540874 11 0 26 5
P 16.8971315488 9.71928017689 12 0 24 2
P 5.19120153291 12.0773276743 13 0 24 2
P 22.0883330817 2.6022889358 14 0 74 1
P 0.0 19.1943189154 15 0 74 1
P 16.9977626441 21.7966078512 16 0 3 1
P 5.09057043753 0.0 17 0 3 1
P 11.8417829975 12.6086008811 18 0 76 2
P 10.2465500842 9.18800697004 19 0 76 2
P 16.8074409487 7.20887137732 20 0 76 2
P 5.28089213293 14.5877364739 21 0 76 2
P 18.1132657811 6.81466715526 22 0 82 3
P 3.97506730062 14.9819406959 23 0 82 3
