M 35 0 0 0
P 11.9957964122 11.8723020609 1 0 74 0
P 6.9640046113 11.6103966327 2 1 100 5
P 17.0275882131 12.1342074891 3 2 100 5
P 19.8668406933 9.14188833743 4 0 88 5
P 4.12475213108 14.6027157844 5 0 88 5
P 3.78179270295 23.7446041218 6 0 49 3
P 20.2098001214 0.0 7 0 49 3
P 2.11492362232 13.72147753 8 0 11 5
P 21.8766692021 10.0231265918 9 0 11 5
P 16.2674628885 9.40565261193 10 0 8 3
P 7.72412993587 14.3389515099 11 0 8 3
P 9.39902452372 21.8640257937 12 0 69 1
P 14.5925683007 1.88057832807 13 0 69 1
P 22.9629515247 13.1037236106 14 0 13 5
P 1.02864129967 10.6408805112 15 0 13 5
P 23.9915928244 11.6532164437 16 0 2 2
P 0.0 12.0913876781 17 0 2 2
P 15.7894032533 22.7365687777 18 0 12 2
P 8.20218957109 1.00803534414 19 0 12 2
P 22.2040518407 2.7546100721 20 0 1 3
P 1.78754098372 20.9899940497 21 0 1 3
P 19.2369891324 17.5708282736 22 0 29 5
P 4.75460369195 6.17377584817 23 0 29 5
