M 36 0 0 0
P 11.5415167227 11.3750456523 1 0 25 2
P 21.1414055108 13.1261923266 2 1 100 5
P 1.94162793462 9.62389897796 3 2 100 5
P 12.6794988151 5.52828410594 4 0 36 2
P 10.4035346304 17.2218071986 5 0 36 2
P 7.02522612488 0.223652626531 6 0 78 4
P 16.0578073206 22.526438678 7 0 78 4
P 18.212893001 2.93117580405 8 0 3 1
P 4.87014044445 19.8189155005 9 0 3 1
P 12.118092276 18.4203075338 10 0 90 5
P 10.9649411695 4.32978377073 11 0 90 5
P 18.3753491809 18.7856855708 12 0 54 4
P 4.70768426455 3.96440573376 13 0 54 4
P 4.79284918362 16.3039656306 14 0 17 1
P 18.2901842618 6.44612567398 15 0 17 1
P 12.0272520971 10.0459678865 16 0 57 2
P 11.0557813484 12.7041234181 17 0 57 2
P 0.0 0.0 18 0 47 4
P 23.0830334454 22.7500913046 19 0 47 4
P 14.8907153573 6.80140278379 20 0 50 2
P 8.19231808813 15.9486885208 21 0 50 2
P 21.3399169007 19.7414291018 22 0 26 1
P 1.74311654474 3.00866220276 23 0 26 1
