M 32 0 0 0
P 10.2476147214 10.9156232445 1 0 128 2
P 16.0260170346 19.7125465959 2 1 100 5
P 4.46921240832 2.11869989309 3 2 100 5
P 13.7447488134 10.7048944723 4 0 78 4
P 6.75048062951 11.1263520167 5 0 78 4
P 4.09422562438 5.89119036433 6 0 64 5
P 16.4010038185 15.9400561247 7 0 64 5
P 3.10687483243 16.1619229362 8 0 55 5
P 17.3883546104 5.66932355286 9 0 55 5
P 0.117566087445 8.41349707665 10 0 52 3
P 20.3776633554 13.4177494124 11 0 52 3
P 20.4952294429 10.6565604795 12 0 71 4
P 0.0 11.1746860095 13 0 71 4
P 4.59715126678 0.0 14 0 31 5
P 15.8980781761 21.831246489 15 0 31 5
P 7.00726582577 4.19654194458 16 0 33 3
P 13.4879636171 17.6347045444 17 0 33 3
P 7.36275659515 15.6529248426 18 0 74 4
P 13.1324728477 6.17832164642 19 0 74 4
P 9.66416159105 5.49906328809 20 0 9 4
P 10.8310678518 16.3321832009 21 0 9 4
P 12.8660210321 19.6948201412 22 0 81 2
P 7.62920841081 2.13642634783 23 0 81 2
