M 46 0 0 0
P 11.9195928917 11.4694248203 1 0 37 0
P 18.1605448625 22.9388496405 2 1 100 5
P 5.67864092095 0.0 3 2 100 5
P 12.7197644753 20.4507215929 4 0 37 4
P 11.1194213082 2.48812804763 5 0 37 4
P 18.5769580793 7.54159301823 6 0 40 5
P 5.26222770425 15.3972566223 7 0 40 5
P 3.98622435723 17.0453295051 8 0 87 3
P 19.8529614263 5.89352013547 9 0 87 3
P 8.37580384265 15.5821921161 10 0 22 4
P 15.4633819408 7.3566575244 11 0 22 4
P 9.51259226057 13.8741718251 12 0 19 1
P 14.3265935229 9.06467781549 13 0 19 1
P 8.01439350608 2.64379513971 14 0 61 3
P 15.8247922774 20.2950545008 15 0 61 3
P 10.2365687304 22.857965381 16 0 17 1
P 13.6026170531 0.0808842595924 17 0 17 1
P 17.1776526324 12.788566874 18 0 8 1
P 6.66153315109 10.1502827666 19 0 8 1
P 2.34229323542 14.3731189729 20 0 33 4
P 21.4968925481 8.56573066766 21 0 33 4
P 0.0 9.65425391777 22 0 21 4
P 23.8391857835 13.2845957228 23 0 21 4
