M 43 0 0 0
P 11.0357346548 9.73268211024 1 0 91 0
P 14.543106046 18.2382422455 2 1 100 5
P 7.52836326358 1.22712197494 3 2 100 5
P 8.84824562115 12.2097448727 4 0 29 5
P 13.2232236885 7.25561934776 5 0 29 5
P 0.371764263536 2.27402333576 6 0 81 1
P 21.6997050461 17.1913408847 7 0 81 1
P 11.9501537874 0.0 8 0 46 5
P 10.1213155222 19.4653642205 9 0 46 5
P 21.4509148631 7.06028751995 10 0 63 4
P 0.620554446576 12.4050767005 11 0 63 4
P 1.14663348143 5.4910601421 12 0 47 4
P 20.9248358282 13.9743040784 13 0 47 4
P 12.471008807 2.25142379417 14 0 34 3
P 9.60046050261 17.2139404263 15 0 34 3
P 22.0714693096 9.22576345354 16 0 89 3
P 0.0 10.2396007669 17 0 89 3
P 15.0592794423 4.36419105631 18 0 35 2
P 7.01218986729 15.1011731642 19 0 35 2
P 13.3161012588 12.868126422 20 0 22 5
P 8.7553680508 6.59723779848 21 0 22 5
P 13.1966223118 16.1709472756 22 0 69 1
P 8.87484699782 3.29441694493 23 0 69 1
