M 45 0 0 0
P 11.0853149139 11.5757099222 1 0 85 0
P 16.116536502 2.28800534203 2 1 100 5
P 6.05409332591 20.8634145024 3 2 100 5
P 8.56411921164 18.8132291161 4 0 20 2
P 13.6065106162 4.33819072834 5 0 20 2
P 1.87234448481 18.548748235 6 0 20 5
P 20.2982853431 4.6026716094 7 0 20 5
P 6.51337154502 7.9385708654 8 0 48 2
P 15.6572582828 15.212848979 9 0 48 2
P 17.3126788065 11.9770291244 10 0 45 3
P 4.85795102138 11.17439072 11 0 45 3
P 13.7770171363 23.1514198444 12 0 43 2
P 8.39361269155 0.0 13 0 43 2
P 19.6903346842 8.39762882033 14 0 28 3
P 2.48029514364 14.7537910241 15 0 28 3
P 20.1994526685 6.63900913952 16 0 45 4
P 1.97117715937 16.5124107049 17 0 45 4
P 7.42631085663 17.3861339423 18 0 24 4
P 14.7443189712 5.76528590216 19 0 24 4
P 22.1706298279 14.6768530442 20 0 48 1
P 0.0 8.47456680026 21 0 48 1
P 12.9500817615 11.429141165 22 0 4 5
P 9.22054806631 11.7222786794 23 0 4 5
