M 51 0 0 0
P 11.5872068067 11.4010234985 1 0 64 5
P 13.3422077014 0.781586578168 2 1 100 5
P 9.83220591213 22.0204604189 3 2 100 5
P 0.0 5.46399736255 4 0 11 1
P 23.1744136135 17.3380496345 5 0 11 1
P 20.0422517698 22.802046997 6 0 66 5
P 3.1321618437 0.0 7 0 66 5
P 4.02969538851 9.42331733588 8 0 82 1
P 19.144718225 13.3787296611 9 0 82 1
P 19.6930466168 9.76544103518 10 0 2 4
P 3.48136699664 13.0366059618 11 0 2 4
P 19.7769311826 1.26906689912 12 0 48 5
P 3.39748243091 21.5329800979 13 0 48 5
P 2.89234383055 18.9139323692 14 0 7 1
P 20.2820697829 3.88811462784 15 0 7 1
P 8.20116033187 8.53963045081 16 0 35 5
P 14.9732532816 14.2624165462 17 0 35 5
P 4.67086463653 17.6021662913 18 0 77 5
P 18.503548977 5.19988070571 19 0 77 5
P 9.42809542322 11.4239044645 20 0 30 2
P 13.7463181903 11.3781425325 21 0 30 2
P 22.3231941744 21.161571098 22 0 55 2
P 0.851219439085 1.640475899 23 0 55 2
