M 57 0 0 0
P 11.1594652428 11.6658799728 1 0 24 4
P 4.11585592977 5.51602752562 2 1 100 5
P 18.2030745558 17.81573242 3 2 100 5
P 16.6394304098 22.1982982848 4 0 66 5
P 5.67950007572 1.1334616608 5 0 66 5
P 21.1298237169 17.8104585507 6 0 88 3
P 1.18910676871 5.52130139494 7 0 88 3
P 20.2471689912 2.06232590927 8 0 90 1
P 2.0717614944 21.2694340364 9 0 90 1
P 19.08617747 10.1568860405 10 0 71 4
P 3.23275301556 13.1748739052 11 0 71 4
P 21.9455381705 14.0595251832 12 0 10 3
P 0.373392315113 9.27223476246 13 0 10 3
P 22.3189304856 23.3317599456 14 0 22 1
P 0.0 0.0 15 0 22 1
P 16.9369241111 9.80392773646 16 0 10 1
P 5.3820063745 13.5278322092 17 0 10 1
P 18.2533312243 12.5402394683 18 0 89 5
P 4.06559926131 10.7915204773 19 0 89 5
P 2.59956979744 3.38285645805 20 0 52 1
P 19.7193606881 19.9489034876 21 0 52 1
P 6.46751577276 11.609658103 22 0 23 2
P 15.8514147128 11.7221018427 23 0 23 2
