M 67 0 0 0
P 11.3789160718 10.5771861492 1 0 118 4
P 1.97299219855 13.6230453598 2 1 100 5
P 20.7848399451 7.53132693869 3 2 100 5
P 15.1274640737 0.162047288666 4 0 73 5
P 7.6303680699 20.9923250098 5 0 73 5
P 12.0404021989 5.71180469196 6 0 12 4
P 10.7174299448 15.4425676065 7 0 12 4
P 3.00338356257 12.2387629481 8 0 6 3
P 19.7544485811 8.91560935032 9 0 6 3
P 0.0 6.12373736029 10 0 14 3
P 22.7578321436 15.0306349382 11 0 14 3
P 12.9830678204 19.63900527 12 0 61 1
P 9.77476432328 1.51536702846 13 0 61 1
P 2.08092616959 2.51809677732 14 0 40 3
P 20.676905974 18.6362755211 15 0 40 3
P 13.508980556 12.929217108 16 0 50 3
P 9.24885158762 8.22515519043 17 0 50 3
P 12.9025902546 3.6546102999 18 0 59 3
P 9.85524188905 17.4997619986 19 0 59 3
P 8.17190106324 14.0641778643 20 0 9 1
P 14.5859310804 7.09019443413 21 0 9 1
P 18.6478126089 21.1543722985 22 0 68 3
P 4.11001953473 0.0 23 0 68 3
