M 64 0 0 0
P 11.0911109593 11.7249932849 1 0 30 2
P 15.4207533322 8.67741303226 2 1 100 5
P 6.76146858628 14.7725735375 3 2 100 5
P 0.605043806924 13.2262883763 4 0 76 3
P 21.5771781116 10.2236981935 5 0 76 3
P 19.1465924277 19.4601025411 6 0 78 5
P 3.03562949086 3.9898840287 7 0 78 5
P 13.9532891203 19.7759652056 8 0 8 5
P 8.2289327982 3.67402136419 9 0 8 5
P 7.53164480724 9.00439408843 10 0 5 5
P 14.6505771113 14.4455924814 11 0 5 5
P 4.15053775373 22.7617283248 12 0 9 3
P 18.0316841648 0.688258245042 13 0 9 3
P 2.94650815226 18.4490898438 14 0 3 2
P 19.2357137663 5.00089672596 15 0 3 2
P 5.39361006826 2.5065278954 16 0 19 2
P 16.7886118503 20.9434586744 17 0 19 2
P 21.3674194633 0.0 18 0 25 5
P 0.814802455238 23.4499865698 19 0 25 5
P 7.44714701329 5.15577489099 20 0 45 2
P 14.7350749052 18.2942116788 21 0 45 2
P 22.1822219185 14.4938901043 22 0 10 2
P 0.0 8.9560964655 23 0 10 2
