M 61 0 0 0
P 9.69893419023 11.8275129235 1 0 29 1
P 9.53085172011 15.3035154353 2 1 100 5
P 9.86701666034 8.35151041171 3 2 100 5
P 16.0550757828 10.0059543048 4 0 69 2
P 3.34279259767 13.6490715421 5 0 69 2
P 0.0 2.59725942065 6 0 1 1
P 19.3978683805 21.0577664263 7 0 1 1
P 14.0206326066 2.49978719875 8 0 11 2
P 5.37723577381 21.1552386482 9 0 11 2
P 2.99152577108 20.9781361834 10 0 5 3
P 16.4063426094 2.67688966353 11 0 5 3
P 0.410923814371 18.2256132624 12 0 80 3
P 18.9869445661 5.42941258453 13 0 80 3
P 13.1979647856 18.4644647367 14 0 24 3
P 6.19990359486 5.19056111025 15 0 24 3
P 11.9523869413 9.89409092496 16 0 32 4
P 7.44548143919 13.760934922 17 0 32 4
P 12.0740145441 23.655025847 18 0 39 1
P 7.32385383637 0.0 19 0 39 1
P 2.42226857756 10.1374561707 20 0 41 3
P 16.9755998029 13.5175696762 21 0 41 3
P 5.26511143753 12.953613806 22 0 26 4
P 14.1327569429 10.7014120409 23 0 26 4
