M 78 0 0 0
P 11.8669773948 10.945150722 1 0 75 1
P 21.5493947364 11.4135043452 2 1 100 5
P 2.18456005313 10.4767970987 3 2 100 5
P 12.4934340358 0.805457872261 4 0 87 2
P 11.2405207538 21.0848435717 5 0 87 2
P 8.14079090137 2.48937524146 6 0 71 1
P 15.5931638882 19.4009262025 7 0 71 1
P 3.78298627989 21.7454214272 8 0 90 5
P 19.9509685097 0.144880016731 9 0 90 5
P 2.86976563732 16.2476749542 10 0 25 5
P 20.8641891522 5.64262648972 11 0 25 5
P 23.7339547896 17.2598816845 12 0 82 3
P 0.0 4.63041975943 13 0 82 3
P 3.33955506698 0.0 14 0 1 4
P 20.3943997226 21.8903014439 15 0 1 4
P 7.4383319457 7.29740504516 16 0 45 3
P 16.2956228439 14.5928963988 17 0 45 3
P 18.4697162102 20.0439461823 18 0 63 3
P 5.26423857932 1.84635526168 19 0 63 3
P 11.0188036343 13.2917807584 20 0 31 4
P 12.7151511553 8.59852068552 21 0 31 4
P 18.4984533941 1.92045710929 22 0 68 5
P 5.23550139544 19.9698443346 23 0 68 5
