M 83 0 0 0
P 9.53890946821 10.0525749247 1 0 149 3
P 0.0 6.85331301853 2 1 100 5
P 19.0778189364 13.2518368308 3 2 100 5
P 1.33664137883 0.754455203519 4 0 63 2
P 17.7411775576 19.3506946458 5 0 63 2
P 2.29169965175 10.0317162847 6 0 72 3
P 16.7861192847 10.0734335646 7 0 72 3
P 12.819031221 19.9483748235 8 0 51 1
P 6.25878771541 0.156775025875 9 0 51 1
P 10.9126458562 14.5864427243 10 0 20 3
P 8.16517308022 5.51870712507 11 0 20 3
P 13.9222200568 10.3119063703 12 0 89 5
P 5.15559887964 9.79324347905 13 0 89 5
P 8.23067127624 0.0 14 0 10 4
P 10.8471476602 20.1051498493 15 0 10 4
P 15.497907194 19.7926080217 16 0 69 4
P 3.57991174246 0.312541827616 17 0 69 4
P 11.6444908987 1.15952048338 18 0 34 2
P 7.4333280377 18.945629366 19 0 34 2
P 5.14923371974 12.9889441589 20 0 59 1
P 13.9285852167 7.11620569049 21 0 59 1
P 12.8091649249 7.05123872219 22 0 45 3
P 6.26865401148 13.0539111272 23 0 45 3
