M 89 0 0 0
P 11.7110818699 10.6253570712 1 0 116 3
P 4.28235197474 6.65574446326 2 1 100 5
P 19.139811765 14.5949696792 3 2 100 5
P 17.2141584816 7.32820474289 4 0 37 1
P 6.20800525808 13.9225093996 5 0 37 1
P 17.6827001796 17.281175193 6 0 7 2
P 5.73946356007 3.96953894946 7 0 7 2
P 14.4771793073 13.2407212125 8 0 52 5
P 8.94498443245 8.00999292995 9 0 52 5
P 18.2378761809 9.2859971612 10 0 70 2
P 5.18428755881 11.9647169813 11 0 70 2
P 6.82591245525 10.4289222643 12 0 40 2
P 16.5962512845 10.8217918782 13 0 40 2
P 23.4221637397 21.2507141425 14 0 4 2
P 0.0 0.0 15 0 4 2
P 1.3140009364 8.8187977365 16 0 5 3
P 22.1081628033 12.431916406 17 0 5 3
P 2.97254749623 11.6657510056 18 0 16 1
P 20.4496162435 9.58496313685 19 0 16 1
P 2.64206966687 0.271158689993 20 0 45 2
P 20.7800940728 20.9795554525 21 0 45 2
P 12.149759607 13.9841223137 22 0 70 3
P 11.2724041328 7.26659182878 23 0 70 3
