M 86 0 0 0
P 11.9509413016 9.539266051 1 0 118 4
P 8.1781728535 6.57161588175 2 1 100 5
P 15.7237097497 12.5069162202 3 2 100 5
P 10.1566183478 7.12201804572 4 0 33 4
P 13.7452642553 11.9565140563 5 0 33 4
P 7.3376857855 0.0 6 0 25 5
P 16.5641968177 19.078532102 7 0 25 5
P 0.0 16.8454971141 8 0 90 1
P 23.9018826032 2.23303498786 9 0 90 1
P 19.9604259201 6.39049487209 10 0 64 4
P 3.94145668309 12.6880372299 11 0 64 4
P 10.2311754494 3.72306969422 12 0 60 1
P 13.6707071538 15.3554624078 13 0 60 1
P 21.4933276872 13.511716636 14 0 64 1
P 2.40855491601 5.56681546598 15 0 64 1
P 15.424527328 8.4472598341 16 0 10 3
P 8.47735527516 10.6312722679 17 0 10 3
P 0.140592060522 11.1492319715 18 0 83 4
P 23.7612905426 7.9293001305 19 0 83 4
P 4.56263586921 16.5589295323 20 0 21 3
P 19.3392467339 2.51960256967 21 0 21 3
P 0.578131497062 15.8823535264 22 0 25 3
P 23.3237511061 3.19617857561 23 0 25 3
