M 80 0 0 0
P 9.8968659154 11.863000113 1 0 87 0
P 19.6076872841 16.6306195678 2 1 100 5
P 0.186044546694 7.09538065814 3 2 100 5
P 7.9993049407 8.26296450412 4 0 45 5
P 11.7944268901 15.4630357218 5 0 45 5
P 0.590753082538 0.0 6 0 46 1
P 19.2029787483 23.726000226 7 0 46 1
P 4.44797947117 15.8773083876 8 0 46 1
P 15.3457523596 7.8486918384 9 0 46 1
P 13.2344792564 12.7957703935 10 0 85 2
P 6.5592525744 10.9302298324 11 0 85 2
P 10.9197602609 6.69760686336 12 0 73 2
P 8.87397156994 17.0283933626 13 0 73 2
P 19.7937318308 11.8299395244 14 0 50 2
P 0.0 11.8960607015 15 0 50 2
P 17.9218985582 22.9087205387 16 0 36 2
P 1.87183327255 0.817279687215 17 0 36 2
P 11.9446822181 5.82772172498 18 0 29 2
P 7.84904961265 17.898278501 19 0 29 2
P 13.973609767 9.06344514038 20 0 8 4
P 5.82012206376 14.6625550856 21 0 8 4
P 13.3488880658 19.1679204252 22 0 65 3
P 6.44484376502 4.55807980077 23 0 65 3
