M 9 0 0 0
P 11.9319237634 10.6325622242 1 0 134 2
P 13.5821241085 0.0 2 1 100 5
P 10.2817234182 21.2651244485 3 2 100 5
P 1.65129362214 7.1408148547 4 0 84 1
P 22.2125539046 14.1243095938 5 0 84 1
P 11.5222143343 15.8804680258 6 0 2 2
P 12.3416331924 5.3846564227 7 0 2 2
P 10.9280072588 0.501793027955 8 0 31 1
P 12.9358402679 20.7633314205 9 0 31 1
P 8.06192476614 16.9630772207 10 0 77 1
P 15.8019227606 4.30204722775 11 0 77 1
P 23.8638475267 2.64977193829 12 0 35 1
P 0.0 18.6153525102 13 0 35 1
P 0.82828035712 4.18544947175 14 0 28 4
P 23.0355671696 17.0796749767 15 0 28 4
P 3.2623129104 10.9163653525 16 0 28 1
P 20.6015346163 10.3487590959 17 0 28 1
P 10.2327574471 12.8752540614 18 0 25 5
P 13.6310900796 8.38987038704 19 0 25 5
P 2.57887676881 16.6142256525 20 0 44 2
P 21.2849707579 4.65089879597 21 0 44 2
P 18.5878172704 9.29495324904 22 0 27 4
P 5.27603025636 11.9701711994 23 0 27 4
