M 97 0 0 0
P 11.9841482404 11.4549376056 1 0 53 3
P 23.9652460334 0.0 2 1 100 5
P 0.00305044734613 22.9098752112 3 2 100 5
P 20.0642055779 5.50649626514 4 0 2 3
P 3.90409090286 17.4033789461 5 0 2 3
P 23.9682964808 12.4119696461 6 0 12 5
P 0.0 10.4979055651 7 0 12 5
P 12.6028222612 4.22745224701 8 0 39 4
P 11.3654742196 18.6824229642 9 0 39 4
P 8.47617665587 5.12390525763 10 0 59 4
P 15.4921198249 17.7859699536 11 0 59 4
P 3.93422827869 11.4718706229 12 0 32 3
P 20.0340682021 11.4380045884 13 0 32 3
P 23.0154508157 21.7577603017 14 0 66 2
P 0.952845665098 1.1521149095 15 0 66 2
P 5.18453643569 5.41031934795 16 0 57 2
P 18.7837600451 17.4995558633 17 0 57 2
P 10.73626797 22.03210296 18 0 64 5
P 13.2320285108 0.877772251247 19 0 64 5
P 5.28053642048 0.0606517382379 20 0 35 3
P 18.6877600603 22.849223473 21 0 35 3
P 9.90149124883 1.20760110656 22 0 7 4
P 14.066805232 21.7022741047 23 0 7 4
